45749491471701987783740741167356557222
37298132566813203649586133864119367609
163172077975109063090617815384123367376
58250119140525714051319446473800926556
127176962935731344583559290870172250201
105292176723037275531643849489526976851
106601648137131470939257712886785749129
46891697059505897693209329947304049793
122503603440194811519921428097427287704
85362589550371158469051223094870538773
105328864315965612022357873054068392304
21313569724078032228815200051431786457
157239270625144703887420877360603887584
62629248800092075865063995954393957728
156474099155867047968201408490803404951
37298132566813203649586133864119367609
127176729666965957525797920788402185419
21313569724078032228815200051431786457
157239270625144703887420877360603887584
89225968101737565842871139075331512630
28596227925859897956685320394815340157
25096471634921847012680565011894871169
77388173266855764776535489329203422529
157114151819447417182317198773545836549
76410467027576199303667215048350774755
71679900974343804017954928506231057404
33505797215187065944118623451424299116
112582477452110345217564156504626100215
84174000868400465116574265334927416805
135670667201541967731020154018956446307
153366630247485369664268243744441931075
108013232461871986792772561911881387080
89829233145172898745037080393206405162
157114151819447417182317198773545836549
131337872951785522731503895378102332335
31876594262702243249348487497276361058
9872679762529391797511558861606863309
152709363046634565770190339831637028881
110006514387206741957387453770149642140
46649334091274347984604237202354604753
26781675140937276133906999688433265640
90853026795525896417532707909613398512
77595827450410360578543866399277191278
20371680723764389159072074346925772387
113749688595214391333064300109304587610
92082902610765249413974224013482696253
44358473264946535171011833792417584425
17647576150412873516850312673270045802
20337923424554808225812311800439698049
90968024786676633723237315440983986240
55604581982568479589579726719526525688
84174000868400465116574265334927416805
135670667201541967731020154018956446307
108888847151962138311397381517052080093
86395073763653058209996156864322317170
55604581982568479589579726719526525688
76207770716487049210086139136834591261
111953557835003559133315139266789324185
93628031240663084652597259587114484549
66295184646574084509004044234636527383
120627301841303771577660581912388216067
102502802015058647594639860813597327663
48600302174691306991313912648212184265
135260818300116796959866031297520870143
140557907363234061951611446710896515690
146360885232557350209938408968798304240
48305386795906435689961106284555015780
127176729666965957525797920788402185419
11132414679379077605791979296760120151
44324206477270857726339126821977467007
157114151819447417182317198773545836549
20551771397855285814751405913978552522
68791839452984994679133188605862236919
111953557835003559133315139266789324185
96175364964387824969056268943964470305
14218786973073875596515243554680861778
113288542949186487173901348452603509613
155494266414217420774135206633992425708
71679900974343804017954928506231057404
168630895389330974504832858004595061404
41610198694317500763609223251911837697
97491330978711858836203777686961961088
125619012973252689271202646015859295741
153430644979482514005208778670007471255
34474564692810481659850556193579320327
161352629272803456444396893701260520123
17884429654476828579471561648634783349
77388173266855764776535489329203422529
17299794883695951157754889897099241868
62629248800092075865063995954393957728
137191938407806935055116426536229470341
124563517224694197660798514056243953070
71946133803404381711640568757439675274
108888847151962138311397381517052080093
13071629113351336617599059351177236138
130030527380816366757114261834385681878
27700186292841338709140211676136096026
93588335547983289110396173641663029780
72997739237409524700581930609823632585
152831169379074769709661898889778679211
105328864315965612022357873054068392304
13317940195917975245540043322010526404
67126943280853817304257404615177990219
125368611855052077168164983259830829968
112971622566550556364310180063430675622
78512875843081756194214350777998200833
133654179602120012845473044713023426757
58798269114821807133007310292655228159
50382749788422481269464625710606734823
102502802015058647594639860813597327663
110960023350582308564972355344912537680
56211396799449388392650535459868992002
23235384515890984894114094081391589180
124047745625324074875903859800036304197
39485130238527978078260266299765312914
102970997790903555291306629783168966469
85474022702779106417195627306060902885
37298132566813203649586133864119367609
41610198694317500763609223251911837697
156474099155867047968201408490803404951
20371680723764389159072074346925772387
48750529756794745411638202088846367909
976088638735055514469898340228302778
118974453761592716858745836039323411026
166140121393918049113471718321772093330
30652984725923393652030131682650386761
55604581982568479589579726719526525688
105328864315965612022357873054068392304
125306812988456481506971223474944762276
19786988629100966782293550265485363911
137041771872776891697759308083001398026
1609641096332116700087954646955156087
822417402575052974851255468408322656
70541342458433187599635968994904818233
59755086657303521110180719949260568987
105979957175553926199001778567006882180
136171803136908914315812578063108510531
120711898737708615553743997331945355936
4785458293709841101975926119866116517
67126943280853817304257404615177990219
34744825835432127732858558050966992088
4236538843229145807038752082068520766
9924031627418292184464116741191163432
80854619666427621895140642996916758777
151323355671982388972955797711935157021
271877323722030163728890259972567788
126160212689319875027927690818990898007
164691841921495379610875641515770998652
127320305740707098395964745959677960391
40253300743444365101667210843182558599
111918678684553605546352355935708322782
104527733802664033687377764480956330085
89615409161917479626725430957457837333
131715961771148635191701168812406064463
83318847681848413719088694359768281108
164098229040910879738764694522438290108
67126943280853817304257404615177990219
123693570232043702101765948138458357410
60881212980533942112558004144504260312
35288219841203329399175003406035767605
131715961771148635191701168812406064463
48305386795906435689961106284555015780
37298132566813203649586133864119367609
21236068660283860110579135190440477134
41289669888049592784980036814832370507
125366415099435266825984598429464748660
119400823991878539210613588254660434332
102970997790903555291306629783168966469
165436545437157448052545344097450774698
153430644979482514005208778670007471255
118445313856333235256361935180834004858
35835852980144152221028130903740118199
53473686589836666372896080513757025153
